1.061700000000000E-02   1.292677491452884E+00
1.192800000000000E-02   1.587832367481379E+00
1.340000000000000E-02   1.941850255763937E+00
1.505500000000000E-02   2.363057461886378E+00
1.691300000000000E-02   2.857521637146697E+00
1.900100000000000E-02   4.921341407765627E+00
2.134700000000000E-02   3.250404566527209E+01
2.398200000000000E-02   3.700545835200779E+01
2.694300000000000E-02   3.864494970854187E+01
3.026900000000000E-02   3.826162532613297E+01
3.400500000000000E-02   3.700262149893776E+01
3.820300000000000E-02   3.829034699576300E+01
4.291900000000000E-02   4.012224863265575E+01
4.821800000000000E-02   3.962967878123959E+01
5.417000000000000E-02   3.141073379023154E+01
6.085800000000000E-02   2.970805883738661E+01
6.837000000000000E-02   2.832460493895518E+01
7.681100000000000E-02   2.647924478054404E+01
8.629299999999999E-02   2.364147449841230E+01
9.694600000000000E-02   2.120337406709686E+01
1.089100000000000E-01   1.883898510596705E+01
1.223600000000000E-01   1.670031251949449E+01
1.374600000000000E-01   1.493401292815434E+01
1.544300000000000E-01   1.303170974100340E+01
1.735000000000000E-01   1.149483539906170E+01
1.949200000000000E-01   9.851010331248613E+00
2.189800000000000E-01   8.360619986858952E+00
2.460100000000000E-01   6.785721719928897E+00
2.763800000000000E-01   5.768644064111333E+00
3.105000000000000E-01   4.752594905935606E+00
3.488300000000000E-01   3.844738243523240E+00
3.919000000000000E-01   2.965269066754655E+00
4.402700000000000E-01   2.497952966585924E+00
4.946300000000000E-01   2.044272422381594E+00
5.556900000000000E-01   1.611779833317284E+00
6.242900000000000E-01   1.210848100953154E+00
7.013500000000000E-01   9.844094176577944E-01
7.879400000000000E-01   7.909496509214220E-01
8.852100000000001E-01   6.174976262951182E-01
9.944800000000000E-01   4.611497431979007E-01
1.117300000000000E+00   3.616538544932021E-01
1.255200000000000E+00   2.847279968514594E-01
1.410100000000000E+00   2.280728567251397E-01
1.584200000000000E+00   1.671208721814416E-01
1.779800000000000E+00   1.212618759108572E-01
1.999500000000000E+00   9.058437019491598E-02
2.246300000000000E+00   6.668320879273339E-02
2.523600000000000E+00   4.769837932924087E-02
2.835200000000000E+00   3.740233909675897E-02
