1.061700000000000E-02   1.233663550956939E+00
1.192800000000000E-02   1.515343873273312E+00
1.340000000000000E-02   1.853199965027545E+00
1.505500000000000E-02   2.255178015260039E+00
1.691300000000000E-02   2.727068671905601E+00
1.900100000000000E-02   4.639725402740662E+00
2.134700000000000E-02   3.497515465300809E+01
2.398200000000000E-02   3.917757079453396E+01
2.694300000000000E-02   4.106927113555889E+01
3.026900000000000E-02   4.176190405135760E+01
3.400500000000000E-02   4.255885912363355E+01
3.820300000000000E-02   4.234172127536952E+01
4.291900000000000E-02   4.217419933738993E+01
4.821800000000000E-02   4.171303502022594E+01
5.417000000000000E-02   3.524986266151959E+01
6.085800000000000E-02   3.323487347199485E+01
6.837000000000000E-02   3.031453414051485E+01
7.681100000000000E-02   2.812768970545498E+01
8.629299999999999E-02   2.559168884024641E+01
9.694600000000000E-02   2.300643359732593E+01
1.089100000000000E-01   2.087616520538190E+01
1.223600000000000E-01   1.942035911990826E+01
1.374600000000000E-01   1.719194376412572E+01
1.544300000000000E-01   1.454052897263203E+01
1.735000000000000E-01   1.260770153709720E+01
1.949200000000000E-01   1.116937610929783E+01
2.189800000000000E-01   9.396080661501264E+00
2.460100000000000E-01   7.971569770323560E+00
2.763800000000000E-01   6.663133084056926E+00
3.105000000000000E-01   5.161305470430948E+00
3.488300000000000E-01   3.842800265785690E+00
3.919000000000000E-01   3.233803683776848E+00
4.402700000000000E-01   2.639208360279826E+00
4.946300000000000E-01   2.083770108479177E+00
5.556900000000000E-01   1.671458145982327E+00
6.242900000000000E-01   1.309973861136602E+00
7.013500000000000E-01   1.048803434400968E+00
7.879400000000000E-01   8.237402122199504E-01
8.852100000000001E-01   6.272557493862652E-01
9.944800000000000E-01   4.848615206971405E-01
1.117300000000000E+00   3.680932526959166E-01
1.255200000000000E+00   2.805785049865346E-01
1.410100000000000E+00   2.032806444372247E-01
1.584200000000000E+00   1.663648576034358E-01
1.779800000000000E+00   1.343271696179489E-01
1.999500000000000E+00   9.910589974358561E-02
2.246300000000000E+00   6.460049400931203E-02
2.523600000000000E+00   4.905112098057789E-02
2.835200000000000E+00   3.391876387960729E-02
