1.061724672000000E-02   1.425346925157567E+00
1.192793886300000E-02   1.750705771370505E+00
1.340043509100000E-02   2.141175385031625E+00
1.505471001300000E-02   2.605390313151687E+00
1.691320408800000E-02   3.150723784425566E+00
1.900112803800000E-02   5.256110391026201E+00
2.134680483000000E-02   3.626891463601898E+01
2.398205388300000E-02   3.892761492872815E+01
2.694262270400000E-02   4.073872649477246E+01
3.026867180300000E-02   4.094271044396840E+01
3.400531948100000E-02   3.952822790485402E+01
3.820325386400000E-02   4.089581688823434E+01
4.291942049300000E-02   4.373236896613766E+01
4.821779479900000E-02   4.458727475287270E+01
5.417024993700000E-02   3.506290528327613E+01
6.085753175700000E-02   3.219203706127259E+01
6.837035413100000E-02   2.962444592188194E+01
7.681062949900000E-02   2.770966499407868E+01
8.629285132400000E-02   2.494809219550362E+01
9.694564721399999E-02   2.293495189119811E+01
1.089135237700000E-01   2.041933034272953E+01
1.223588268300000E-01   1.789403802892351E+01
1.374639437400000E-01   1.567617345176247E+01
1.544337774200000E-01   1.357557927456178E+01
1.734985259400000E-01   1.194149223246350E+01
1.949168051500000E-01   1.036967715924295E+01
2.189791568900000E-01   8.863580517140800E+00
2.460119901600000E-01   7.117526394322926E+00
2.763820089700000E-01   5.965684493195520E+00
3.105011866700000E-01   4.922877426227080E+00
3.488323544900000E-01   4.029042035901887E+00
3.918954798200000E-01   3.098013283278163E+00
4.402747197300000E-01   2.501977235541703E+00
4.946263450700000E-01   2.029791940035309E+00
5.556876428999999E-01   1.663625513132856E+00
6.242869179000000E-01   1.230254954320449E+00
7.013547283900000E-01   9.741906736111746E-01
7.879365095400001E-01   7.726329257895328E-01
8.852067547700000E-01   6.170586662822408E-01
9.944849479700000E-01   4.619094459823145E-01
1.117253462400000E+00   3.576847381111325E-01
1.255177669500000E+00   2.764599122923767E-01
1.410128529400000E+00   2.136565909515777E-01
1.584207971300000E+00   1.588256437482629E-01
1.779777406200000E+00   1.172054017592595E-01
1.999489759500000E+00   8.778076992071226E-02
2.246325458700000E+00   6.001158045726744E-02
2.523632863000000E+00   4.279205978505007E-02
2.835173684500000E+00   3.336954052083584E-02
