1.061724672000000E-02   1.357246357044195E+00
1.192793886300000E-02   1.667060130070573E+00
1.340043509100000E-02   2.038873792642178E+00
1.505471001300000E-02   2.480909348306520E+00
1.691320408800000E-02   3.000187745865007E+00
1.900112803800000E-02   4.863730882736034E+00
2.134680483000000E-02   3.843985073730570E+01
2.398205388300000E-02   4.090606392968336E+01
2.694262270400000E-02   4.265247190176334E+01
3.026867180300000E-02   4.409187668403867E+01
3.400531948100000E-02   4.464908720843479E+01
3.820325386400000E-02   4.476487051514970E+01
4.291942049300000E-02   4.407835475528397E+01
4.821779479900000E-02   4.430533149541024E+01
5.417024993700000E-02   3.720861126355577E+01
6.085753175700000E-02   3.568420824472692E+01
6.837035413100000E-02   3.200942131591124E+01
7.681062949900000E-02   2.975884905163768E+01
8.629285132400000E-02   2.731719591834094E+01
9.694564721399999E-02   2.468670295547985E+01
1.089135237700000E-01   2.202453181103868E+01
1.223588268300000E-01   2.022227350401584E+01
1.374639437400000E-01   1.792714987031625E+01
1.544337774200000E-01   1.539370607441063E+01
1.734985259400000E-01   1.320052815512608E+01
1.949168051500000E-01   1.164710090702807E+01
2.189791568900000E-01   9.725864891416022E+00
2.460119901600000E-01   8.332342924061356E+00
2.763820089700000E-01   6.916482949221399E+00
3.105011866700000E-01   5.392615986670940E+00
3.488323544900000E-01   4.014874510117723E+00
3.918954798200000E-01   3.360519527926240E+00
4.402747197300000E-01   2.707117312296170E+00
4.946263450700000E-01   2.149738347786971E+00
5.556876428999999E-01   1.693128150230840E+00
6.242869179000000E-01   1.286578643271392E+00
7.013547283900000E-01   1.034115757782347E+00
7.879365095400001E-01   8.075368900842956E-01
8.852067547700000E-01   6.065476480960167E-01
9.944849479700000E-01   4.579915521935345E-01
1.117253462400000E+00   3.436072827824682E-01
1.255177669500000E+00   2.582298852746447E-01
1.410128529400000E+00   1.880943271694102E-01
1.584207971300000E+00   1.501746460954701E-01
1.779777406200000E+00   1.175432260675502E-01
1.999489759500000E+00   8.696313858413884E-02
2.246325458700000E+00   5.641990328234940E-02
2.523632863000000E+00   4.139730807121053E-02
2.835173684500000E+00   2.944711906850628E-02
