1.061700000000000E-02   1.622362099800085E+00
1.192800000000000E-02   1.992793307588525E+00
1.340000000000000E-02   2.437099956693521E+00
1.505500000000000E-02   2.965731894585230E+00
1.691300000000000E-02   3.586304267010179E+00
1.900100000000000E-02   5.310537951550663E+00
2.134700000000000E-02   6.275413376877430E+01
2.398200000000000E-02   7.935704060614879E+01
2.694300000000000E-02   7.655749731411935E+01
3.026900000000000E-02   8.150963852806262E+01
3.400500000000000E-02   8.171884993700816E+01
3.820300000000000E-02   8.221390299635648E+01
4.291900000000000E-02   7.588274328088728E+01
4.821800000000000E-02   7.978636436433884E+01
5.417000000000000E-02   6.906902994923234E+01
6.085800000000000E-02   7.450758349222961E+01
6.837000000000000E-02   6.415905281254798E+01
7.681100000000000E-02   5.795795621573785E+01
8.629299999999999E-02   5.229075652086770E+01
9.694600000000000E-02   4.463791030342605E+01
1.089100000000000E-01   4.234355042064864E+01
1.223600000000000E-01   3.953573435047452E+01
1.374600000000000E-01   3.190459287071880E+01
1.544300000000000E-01   2.595573545689706E+01
1.735000000000000E-01   2.296637338305214E+01
1.949200000000000E-01   2.043864988916658E+01
2.189800000000000E-01   1.537758920192550E+01
2.460100000000000E-01   1.259562852751415E+01
2.763800000000000E-01   1.121872592948255E+01
3.105000000000000E-01   8.237249370073519E+00
3.488300000000000E-01   6.975498299554133E+00
3.919000000000000E-01   5.553811587774917E+00
4.402700000000000E-01   4.052293834644791E+00
4.946300000000000E-01   2.838771466921541E+00
5.556900000000000E-01   2.379744926668573E+00
6.242900000000000E-01   2.023086158756533E+00
7.013500000000000E-01   1.397365007853780E+00
7.879400000000000E-01   1.063127891516295E+00
8.852100000000001E-01   8.024692189355398E-01
9.944800000000000E-01   5.598983318393911E-01
1.117300000000000E+00   4.444052889126539E-01
1.255200000000000E+00   3.299600659380745E-01
1.410100000000000E+00   2.232483780090223E-01
1.584200000000000E+00   1.849965409635388E-01
1.779800000000000E+00   1.114321783772653E-01
1.999500000000000E+00   9.231330276508233E-02
2.246300000000000E+00   6.479590191609495E-02
2.523600000000000E+00   4.308668750349730E-02
2.835200000000000E+00   3.378601707032755E-02
