1.061700000000000E-02   1.661340445316301E+00
1.192800000000000E-02   2.040671513135339E+00
1.340000000000000E-02   2.495652929658842E+00
1.505500000000000E-02   3.036985607002360E+00
1.691300000000000E-02   3.672467649933775E+00
1.900100000000000E-02   7.110072310657885E+00
2.134700000000000E-02   8.705977860293174E+01
2.398200000000000E-02   1.079549230529329E+02
2.694300000000000E-02   1.017536881734398E+02
3.026900000000000E-02   1.172254432290458E+02
3.400500000000000E-02   1.102369237805822E+02
3.820300000000000E-02   1.142265786982534E+02
4.291900000000000E-02   9.799054889505466E+01
4.821800000000000E-02   1.141352890071228E+02
5.417000000000000E-02   9.884054929655333E+01
6.085800000000000E-02   9.003561288428394E+01
6.837000000000000E-02   8.425002145679335E+01
7.681100000000000E-02   7.076682950677633E+01
8.629299999999999E-02   6.878371794934313E+01
9.694600000000000E-02   7.236727089668702E+01
1.089100000000000E-01   5.822552938374633E+01
1.223600000000000E-01   4.600812093924937E+01
1.374600000000000E-01   4.111790064356003E+01
1.544300000000000E-01   3.632722169128791E+01
1.735000000000000E-01   2.672235221100630E+01
1.949200000000000E-01   2.524376977248618E+01
2.189800000000000E-01   1.996931669803438E+01
2.460100000000000E-01   1.538755084606914E+01
2.763800000000000E-01   1.232837385948087E+01
3.105000000000000E-01   1.076495571351592E+01
3.488300000000000E-01   7.947954412954234E+00
3.919000000000000E-01   6.212876984057980E+00
4.402700000000000E-01   4.341071662630506E+00
4.946300000000000E-01   3.526217146943759E+00
5.556900000000000E-01   2.683007301304715E+00
6.242900000000000E-01   2.311826154905994E+00
7.013500000000000E-01   1.587442442629457E+00
7.879400000000000E-01   1.141908524544575E+00
8.852100000000001E-01   8.061080162939909E-01
9.944800000000000E-01   6.229869155907817E-01
1.117300000000000E+00   4.362256985326299E-01
1.255200000000000E+00   3.351398531996239E-01
1.410100000000000E+00   2.524721110491898E-01
1.584200000000000E+00   1.713045899659092E-01
1.779800000000000E+00   1.182414717552425E-01
1.999500000000000E+00   9.776509766560117E-02
2.246300000000000E+00   7.533557693122842E-02
2.523600000000000E+00   6.759393528333743E-02
2.835200000000000E+00   4.642030607051946E-02
