1.061724672000000E-02   1.622429306209067E+00
1.192793886300000E-02   1.992775442867611E+00
1.340043509100000E-02   2.437235197336091E+00
1.505471001300000E-02   2.965637013391129E+00
1.691320408800000E-02   3.586373614309291E+00
1.900112803800000E-02   5.310581073442204E+00
2.134680483000000E-02   6.266421999512426E+01
2.398205388300000E-02   7.922046674255412E+01
2.694262270400000E-02   7.640537521271979E+01
3.026867180300000E-02   8.139450767458939E+01
3.400531948100000E-02   8.155284193374681E+01
3.820325386400000E-02   8.221381188968614E+01
4.291942049300000E-02   7.567108485563327E+01
4.821779479900000E-02   7.955201137793721E+01
5.417024993700000E-02   6.895873409581790E+01
6.085753175700000E-02   7.443918519809544E+01
6.837035413100000E-02   6.404603998428954E+01
7.681062949900000E-02   5.795799570476144E+01
8.629285132400000E-02   5.225033208892473E+01
9.694564721399999E-02   4.460156390937946E+01
1.089135237700000E-01   4.234354270738621E+01
1.223588268300000E-01   3.951821143142658E+01
1.374639437400000E-01   3.186256726578547E+01
1.544337774200000E-01   2.593338589601215E+01
1.734985259400000E-01   2.296638036106980E+01
1.949168051500000E-01   2.042669129659279E+01
2.189791568900000E-01   1.537762937826253E+01
2.460119901600000E-01   1.259562742799467E+01
2.763820089700000E-01   1.121876914347948E+01
3.105011866700000E-01   8.307536410399448E+00
3.488323544900000E-01   6.975504989240918E+00
3.918954798200000E-01   5.553817558357268E+00
4.402747197300000E-01   4.052298675225232E+00
4.946263450700000E-01   2.838773063965183E+00
5.556876428999999E-01   2.379747795469264E+00
6.242869179000000E-01   2.023082151035234E+00
7.013547283900000E-01   1.397365293780954E+00
7.879365095400001E-01   1.063130414046949E+00
8.852067547700000E-01   8.024680047543018E-01
9.944849479700000E-01   5.598993884099005E-01
1.117253462400000E+00   4.444042137957630E-01
1.255177669500000E+00   3.299606668079326E-01
1.410128529400000E+00   2.232489131775531E-01
1.584207971300000E+00   1.849969168304396E-01
1.779777406200000E+00   1.114320312725389E-01
1.999489759500000E+00   9.231333176083878E-02
2.246325458700000E+00   6.479588677509607E-02
2.523632863000000E+00   4.308677057913529E-02
2.835173684500000E+00   3.378605764219953E-02
