1.061724672000000E-02   1.661409266404664E+00
1.192793886300000E-02   2.040653219202436E+00
1.340043509100000E-02   2.495791419549218E+00
1.505471001300000E-02   3.036888446223470E+00
1.691320408800000E-02   3.672538663348599E+00
1.900112803800000E-02   7.110121338163322E+00
2.134680483000000E-02   8.705977648499621E+01
2.398205388300000E-02   1.038771047981144E+02
2.694262270400000E-02   1.012798946166471E+02
3.026867180300000E-02   1.169853842412051E+02
3.400531948100000E-02   1.097475296735458E+02
3.820325386400000E-02   1.137815144495613E+02
4.291942049300000E-02   9.777819006735983E+01
4.821779479900000E-02   1.134774288002192E+02
5.417024993700000E-02   9.812077379920004E+01
6.085753175700000E-02   8.987790455998918E+01
6.837035413100000E-02   8.397002667530271E+01
7.681062949900000E-02   7.067050222525873E+01
8.629285132400000E-02   6.876531778559628E+01
9.694564721399999E-02   7.231693284844954E+01
1.089135237700000E-01   5.817204490230265E+01
1.223588268300000E-01   4.575106619420396E+01
1.374639437400000E-01   4.092053902600726E+01
1.544337774200000E-01   3.616125085378936E+01
1.734985259400000E-01   2.669263869503712E+01
1.949168051500000E-01   2.524379261015260E+01
2.189791568900000E-01   1.996931812138465E+01
2.460119901600000E-01   1.530591605515747E+01
2.763820089700000E-01   1.232838209398289E+01
3.105011866700000E-01   1.076497114422610E+01
3.488323544900000E-01   7.947963803615571E+00
3.918954798200000E-01   6.212881297898965E+00
4.402747197300000E-01   4.341083982367858E+00
4.946263450700000E-01   3.526218472086419E+00
5.556876428999999E-01   2.683008973718879E+00
6.242869179000000E-01   2.311824182201252E+00
7.013547283900000E-01   1.587445648191621E+00
7.879365095400001E-01   1.141908546534540E+00
8.852067547700000E-01   8.061090302469117E-01
9.944849479700000E-01   6.229870249751026E-01
1.117253462400000E+00   4.362257289950728E-01
1.255177669500000E+00   3.351403284405490E-01
1.410128529400000E+00   2.524725451138147E-01
1.584207971300000E+00   1.713046699036777E-01
1.779777406200000E+00   1.182415155876518E-01
1.999489759500000E+00   9.776523677511480E-02
2.246325458700000E+00   7.533563753887455E-02
2.523632863000000E+00   6.759382421363876E-02
2.835173684500000E+00   4.642037488387972E-02
