1.061724672000000E-02   1.523706769978983E+00
1.192793886300000E-02   1.871517866279205E+00
1.340043509100000E-02   2.288932871219674E+00
1.505471001300000E-02   2.785182181627842E+00
1.691320408800000E-02   3.368147835399671E+00
1.900112803800000E-02   5.994774441807209E+00
2.134680483000000E-02   6.065435567844992E+01
2.398205388300000E-02   5.996328952756863E+01
2.694262270400000E-02   6.097090469460806E+01
3.026867180300000E-02   5.615518554202636E+01
3.400531948100000E-02   6.746141012654628E+01
3.820325386400000E-02   6.161654004630647E+01
4.291942049300000E-02   5.883907213565631E+01
4.821779479900000E-02   5.859998264115110E+01
5.417024993700000E-02   5.143719497927221E+01
6.085753175700000E-02   4.550014841702104E+01
6.837035413100000E-02   4.258580359715452E+01
7.681062949900000E-02   3.935559623518822E+01
8.629285132400000E-02   3.407291213571386E+01
9.694564721399999E-02   3.165746325711309E+01
1.089135237700000E-01   3.182348581590159E+01
1.223588268300000E-01   2.469750220201028E+01
1.374639437400000E-01   2.048643031368459E+01
1.544337774200000E-01   1.882477127646458E+01
1.734985259400000E-01   1.457173456767504E+01
1.949168051500000E-01   1.287346141634258E+01
2.189791568900000E-01   1.069944993975448E+01
2.460119901600000E-01   8.610596553838004E+00
2.763820089700000E-01   7.075264880901801E+00
3.105011866700000E-01   5.674132772264263E+00
3.488323544900000E-01   4.481618643840539E+00
3.918954798200000E-01   3.486859755202925E+00
4.402747197300000E-01   2.842165878762513E+00
4.946263450700000E-01   2.386818997247563E+00
5.556876428999999E-01   1.703049102608441E+00
6.242869179000000E-01   1.468819313801275E+00
7.013547283900000E-01   1.135389164629119E+00
7.879365095400001E-01   8.990254190891755E-01
8.852067547700000E-01   6.588733977926917E-01
9.944849479700000E-01   5.381334520522696E-01
1.117253462400000E+00   3.897098260559893E-01
1.255177669500000E+00   2.937764479762429E-01
1.410128529400000E+00   2.158977045486770E-01
1.584207971300000E+00   1.574644216538869E-01
1.779777406200000E+00   1.298262207238662E-01
1.999489759500000E+00   8.365507811977749E-02
2.246325458700000E+00   6.783016984672899E-02
2.523632863000000E+00   4.184340570916219E-02
2.835173684500000E+00   3.579675384819316E-02
