1.061700000000000E-02   1.415468521602135E+00
1.192800000000000E-02   1.738660066885526E+00
1.340000000000000E-02   2.126306003525777E+00
1.505500000000000E-02   2.587523550269166E+00
1.691300000000000E-02   3.128956722710579E+00
1.900100000000000E-02   5.947260922462877E+00
2.134700000000000E-02   5.425153576137367E+01
2.398200000000000E-02   5.633105862036004E+01
2.694300000000000E-02   5.785978118895546E+01
3.026900000000000E-02   5.250196461973704E+01
3.400500000000000E-02   6.434699115385320E+01
3.820300000000000E-02   6.000444299736603E+01
4.291900000000000E-02   5.637659904473749E+01
4.821800000000000E-02   5.620503891714693E+01
5.417000000000000E-02   4.739135229368831E+01
6.085800000000000E-02   4.434662523797185E+01
6.837000000000000E-02   4.174708148569113E+01
7.681100000000000E-02   3.689034271837716E+01
8.629299999999999E-02   3.317017866577926E+01
9.694600000000000E-02   2.978322928587334E+01
1.089100000000000E-01   3.029874601000998E+01
1.223600000000000E-01   2.288503586511253E+01
1.374600000000000E-01   1.971379302803753E+01
1.544300000000000E-01   1.817724083949984E+01
1.735000000000000E-01   1.425909880952410E+01
1.949200000000000E-01   1.267317174835794E+01
2.189800000000000E-01   9.895631899163744E+00
2.460100000000000E-01   8.459583978053644E+00
2.763800000000000E-01   6.882712505186356E+00
3.105000000000000E-01   5.513719615020834E+00
3.488300000000000E-01   4.365489460969002E+00
3.919000000000000E-01   3.488772813572540E+00
4.402700000000000E-01   2.792343679630713E+00
4.946300000000000E-01   2.279599316568624E+00
5.556900000000000E-01   1.718749623088882E+00
6.242900000000000E-01   1.458806728898351E+00
7.013500000000000E-01   1.179959060683217E+00
7.879400000000000E-01   9.334785657726964E-01
8.852100000000001E-01   6.848277143712702E-01
9.944800000000000E-01   5.755614230478897E-01
1.117300000000000E+00   4.180370076996739E-01
1.255200000000000E+00   3.155894589839480E-01
1.410100000000000E+00   2.440972889991185E-01
1.584200000000000E+00   1.702597122778446E-01
1.779800000000000E+00   1.427760076498794E-01
1.999500000000000E+00   9.183065650283567E-02
2.246300000000000E+00   7.502202522542509E-02
2.523600000000000E+00   4.705203969463307E-02
2.835200000000000E+00   4.038792923586323E-02
