1.061700000000000E-02   1.397326077485687E+00
1.192800000000000E-02   1.716375189037966E+00
1.340000000000000E-02   2.099052562523944E+00
1.505500000000000E-02   2.554358558823353E+00
1.691300000000000E-02   3.088852035380402E+00
1.900100000000000E-02   5.253104307374716E+00
2.134700000000000E-02   5.430945850658263E+01
2.398200000000000E-02   5.639046811693397E+01
2.694300000000000E-02   5.578358714789783E+01
3.026900000000000E-02   5.555016964119687E+01
3.400500000000000E-02   5.023394130875239E+01
3.820300000000000E-02   5.327255994096713E+01
4.291900000000000E-02   5.762991654848511E+01
4.821800000000000E-02   5.178053148055186E+01
5.417000000000000E-02   4.225429098572823E+01
6.085800000000000E-02   4.204589812933409E+01
6.837000000000000E-02   3.698388088238330E+01
7.681100000000000E-02   3.490656710832098E+01
8.629299999999999E-02   3.301360589245302E+01
9.694600000000000E-02   2.765818912163153E+01
1.089100000000000E-01   2.249984478547469E+01
1.223600000000000E-01   2.185737795684369E+01
1.374600000000000E-01   1.782310775042547E+01
1.544300000000000E-01   1.576678117691367E+01
1.735000000000000E-01   1.356188185444295E+01
1.949200000000000E-01   1.096442253660899E+01
2.189800000000000E-01   8.783292492421392E+00
2.460100000000000E-01   7.825702814980279E+00
2.763800000000000E-01   6.091065135460775E+00
3.105000000000000E-01   6.083912971732765E+00
3.488300000000000E-01   4.413904723041951E+00
3.919000000000000E-01   3.293397934044390E+00
4.402700000000000E-01   2.867191744490077E+00
4.946300000000000E-01   2.144630208491833E+00
5.556900000000000E-01   1.740620173298767E+00
6.242900000000000E-01   1.495881959866865E+00
7.013500000000000E-01   1.112213146506143E+00
7.879400000000000E-01   8.529432687957454E-01
8.852100000000001E-01   6.742192309577981E-01
9.944800000000000E-01   5.402787058858532E-01
1.117300000000000E+00   3.856714526209023E-01
1.255200000000000E+00   3.325198441315644E-01
1.410100000000000E+00   2.422857909903443E-01
1.584200000000000E+00   1.731981767523504E-01
1.779800000000000E+00   1.323316456624626E-01
1.999500000000000E+00   9.179786952489286E-02
2.246300000000000E+00   6.406152734063020E-02
2.523600000000000E+00   4.549592188432284E-02
2.835200000000000E+00   3.818491380397725E-02
