1.061724672000000E-02   1.459612941738272E+00
1.192793886300000E-02   1.792793569036387E+00
1.340043509100000E-02   2.192650257535091E+00
1.505471001300000E-02   2.668025132853421E+00
1.691320408800000E-02   3.226468679603569E+00
1.900112803800000E-02   5.847586255586165E+00
2.134680483000000E-02   5.791703209038673E+01
2.398205388300000E-02   5.933047686962297E+01
2.694262270400000E-02   5.865644222884983E+01
3.026867180300000E-02   5.826806970084733E+01
3.400531948100000E-02   5.207981874150244E+01
3.820325386400000E-02   5.804707797626240E+01
4.291942049300000E-02   5.797664578806982E+01
4.821779479900000E-02   5.420483627588997E+01
5.417024993700000E-02   4.431981288344858E+01
6.085753175700000E-02   4.411835328466373E+01
6.837035413100000E-02   4.149235198412892E+01
7.681062949900000E-02   3.569258204573741E+01
8.629285132400000E-02   3.439802985747799E+01
9.694564721399999E-02   3.016655653525394E+01
1.089135237700000E-01   2.348651810009731E+01
1.223588268300000E-01   2.248329945841205E+01
1.374639437400000E-01   1.927284477954694E+01
1.544337774200000E-01   1.613859758119116E+01
1.734985259400000E-01   1.397543717914933E+01
1.949168051500000E-01   1.155529390058117E+01
2.189791568900000E-01   9.430590861362269E+00
2.460119901600000E-01   7.978021938679932E+00
2.763820089700000E-01   6.183701378714561E+00
3.105011866700000E-01   6.041429093529748E+00
3.488323544900000E-01   4.454493379415800E+00
3.918954798200000E-01   3.342510000517259E+00
4.402747197300000E-01   2.866301882764994E+00
4.946263450700000E-01   2.342806138636090E+00
5.556876428999999E-01   1.794241346612673E+00
6.242869179000000E-01   1.472717302920286E+00
7.013547283900000E-01   1.096875278667552E+00
7.879365095400001E-01   8.101904875679872E-01
8.852067547700000E-01   6.413142723211891E-01
9.944849479700000E-01   5.041816635882979E-01
1.117253462400000E+00   3.769900020403296E-01
1.255177669500000E+00   3.040971810525563E-01
1.410128529400000E+00   2.257556926005405E-01
1.584207971300000E+00   1.559713899205389E-01
1.779777406200000E+00   1.228994579107890E-01
1.999489759500000E+00   8.803117643890269E-02
2.246325458700000E+00   5.749619354183078E-02
2.523632863000000E+00   4.057883195141617E-02
2.835173684500000E+00   3.386053034484665E-02
