1.061724672000000E-02   1.784106480250212E+00
1.192793886300000E-02   2.191358087343037E+00
1.340043509100000E-02   2.680108829901092E+00
1.505471001300000E-02   3.261166568806541E+00
1.691320408800000E-02   3.943760373040914E+00
1.900112803800000E-02   8.616882450483871E+00
2.134680483000000E-02   5.899930595685770E+01
2.398205388300000E-02   7.019256905382083E+01
2.694262270400000E-02   7.477890876471812E+01
3.026867180300000E-02   7.659676894692758E+01
3.400531948100000E-02   9.232870105543482E+01
3.820325386400000E-02   7.722130156087226E+01
4.291942049300000E-02   8.290169910342738E+01
4.821779479900000E-02   8.429302160987928E+01
5.417024993700000E-02   7.646163729091350E+01
6.085753175700000E-02   7.533363335363549E+01
6.837035413100000E-02   5.835851320700210E+01
7.681062949900000E-02   5.507036253402046E+01
8.629285132400000E-02   4.594322417522461E+01
9.694564721399999E-02   4.871648271768295E+01
1.089135237700000E-01   3.778200997144446E+01
1.223588268300000E-01   3.411222537859927E+01
1.374639437400000E-01   3.067309464952923E+01
1.544337774200000E-01   2.506670095166247E+01
1.734985259400000E-01   2.576579809287905E+01
1.949168051500000E-01   1.858867202712448E+01
2.189791568900000E-01   1.567567865683163E+01
2.460119901600000E-01   1.275083364632384E+01
2.763820089700000E-01   9.575212954469535E+00
3.105011866700000E-01   7.995226828894111E+00
3.488323544900000E-01   6.173364516550086E+00
3.918954798200000E-01   5.876976856242790E+00
4.402747197300000E-01   4.021902773676842E+00
4.946263450700000E-01   2.880845642904929E+00
5.556876428999999E-01   2.340240851332363E+00
6.242869179000000E-01   1.723868886452135E+00
7.013547283900000E-01   1.387632715250934E+00
7.879365095400001E-01   9.896673976021524E-01
8.852067547700000E-01   7.457881373698894E-01
9.944849479700000E-01   6.269376085721475E-01
1.117253462400000E+00   3.819906936329477E-01
1.255177669500000E+00   3.569119076368764E-01
1.410128529400000E+00   2.108183698688171E-01
1.584207971300000E+00   1.763880204023627E-01
1.779777406200000E+00   1.227794253081107E-01
1.999489759500000E+00   9.408115618388650E-02
2.246325458700000E+00   6.406295616872922E-02
2.523632863000000E+00   4.435435478152190E-02
2.835173684500000E+00   3.176644974397519E-02
