1.061724672000000E-02   1.605348658470081E+00
1.192793886300000E-02   1.971795856741879E+00
1.340043509100000E-02   2.411576417811189E+00
1.505471001300000E-02   2.934415313343198E+00
1.691320408800000E-02   3.548616909513600E+00
1.900112803800000E-02   1.129417902465004E+01
2.134680483000000E-02   9.708214174710930E+01
2.398205388300000E-02   1.213477136983665E+02
2.694262270400000E-02   1.177422752914187E+02
3.026867180300000E-02   1.274978068391482E+02
3.400531948100000E-02   1.006506497740149E+02
3.820325386400000E-02   1.158245737138597E+02
4.291942049300000E-02   1.073259580565668E+02
4.821779479900000E-02   1.208410008728439E+02
5.417024993700000E-02   9.183179826808416E+01
6.085753175700000E-02   9.140994900560324E+01
6.837035413100000E-02   8.060562156216818E+01
7.681062949900000E-02   7.608497103927583E+01
8.629285132400000E-02   6.548395879551867E+01
9.694564721399999E-02   6.457944055577337E+01
1.089135237700000E-01   5.429473268355623E+01
1.223588268300000E-01   4.626344374526649E+01
1.374639437400000E-01   4.099633953111626E+01
1.544337774200000E-01   3.235906475624351E+01
1.734985259400000E-01   2.975378353820776E+01
1.949168051500000E-01   2.260476045892663E+01
2.189791568900000E-01   2.158183949104564E+01
2.460119901600000E-01   1.613161415836233E+01
2.763820089700000E-01   1.247964905200492E+01
3.105011866700000E-01   1.053515568279745E+01
3.488323544900000E-01   8.103603428717260E+00
3.918954798200000E-01   5.877039289866751E+00
4.402747197300000E-01   4.748292411279905E+00
4.946263450700000E-01   3.068269440238087E+00
5.556876428999999E-01   2.637463829518282E+00
6.242869179000000E-01   1.898293311891292E+00
7.013547283900000E-01   1.577768775006266E+00
7.879365095400001E-01   1.040324786199722E+00
8.852067547700000E-01   8.167677856087612E-01
9.944849479700000E-01   6.953124110170649E-01
1.117253462400000E+00   4.254977741758810E-01
1.255177669500000E+00   3.541251868056536E-01
1.410128529400000E+00   2.419251021620864E-01
1.584207971300000E+00   1.678385775580858E-01
1.779777406200000E+00   1.296143986401541E-01
1.999489759500000E+00   8.576019160990220E-02
2.246325458700000E+00   6.928366819393000E-02
2.523632863000000E+00   4.803218151223275E-02
2.835173684500000E+00   3.811838217003805E-02
