1.061700000000000E-02   1.784032576635848E+00
1.192800000000000E-02   2.191377732306444E+00
1.340000000000000E-02   2.679960112353968E+00
1.505500000000000E-02   3.261270905034074E+00
1.691300000000000E-02   3.943684115193955E+00
1.900100000000000E-02   8.604250596861887E+00
2.134700000000000E-02   5.977487220287774E+01
2.398200000000000E-02   7.107345227107142E+01
2.694300000000000E-02   7.477386189910463E+01
3.026900000000000E-02   7.730906497256331E+01
3.400500000000000E-02   9.329554308217472E+01
3.820300000000000E-02   7.836181194636467E+01
4.291900000000000E-02   8.360673523438498E+01
4.821800000000000E-02   8.410129732908526E+01
5.417000000000000E-02   7.857519410628797E+01
6.085800000000000E-02   7.594898368069946E+01
6.837000000000000E-02   5.835921078127188E+01
7.681100000000000E-02   5.590074033305702E+01
8.629299999999999E-02   4.688820569323426E+01
9.694600000000000E-02   4.970872225472492E+01
1.089100000000000E-01   3.823052871373096E+01
1.223600000000000E-01   3.423135146487806E+01
1.374600000000000E-01   3.101069727780871E+01
1.544300000000000E-01   2.493889578419723E+01
1.735000000000000E-01   2.571241570632485E+01
1.949200000000000E-01   1.865373753257041E+01
2.189800000000000E-01   1.575027564301768E+01
2.460100000000000E-01   1.273034369191160E+01
2.763800000000000E-01   9.600387520239387E+00
3.105000000000000E-01   7.970264969624784E+00
3.488300000000000E-01   6.146823017785191E+00
3.919000000000000E-01   5.882492581309544E+00
4.402700000000000E-01   4.017226198402348E+00
4.946300000000000E-01   2.871521075836610E+00
5.556900000000000E-01   2.336791261472160E+00
6.242900000000000E-01   1.718291898332264E+00
7.013500000000000E-01   1.383142613092614E+00
7.879400000000000E-01   9.864674007952281E-01
8.852100000000001E-01   7.433746086872939E-01
9.944800000000000E-01   6.249085024846093E-01
1.117300000000000E+00   3.807551440189377E-01
1.255200000000000E+00   3.557573913439160E-01
1.410100000000000E+00   2.101360349088716E-01
1.584200000000000E+00   1.758174203765901E-01
1.779800000000000E+00   1.223819723368290E-01
1.999500000000000E+00   9.377680081605651E-02
2.246300000000000E+00   6.385576544279591E-02
2.523600000000000E+00   4.421086695106657E-02
2.835200000000000E+00   3.166359276109045E-02
