1.061700000000000E-02   1.605282159598242E+00
1.192800000000000E-02   1.971813533386183E+00
1.340000000000000E-02   2.411442600958098E+00
1.505500000000000E-02   2.934509195644929E+00
1.691300000000000E-02   3.548548292290544E+00
1.900100000000000E-02   1.128577865839891E+01
2.134700000000000E-02   9.787844719350528E+01
2.398200000000000E-02   1.224264738427325E+02
2.694300000000000E-02   1.361332316307336E+02
3.026900000000000E-02   1.290513723347615E+02
3.400500000000000E-02   1.014604306974107E+02
3.820300000000000E-02   1.183486662098626E+02
4.291900000000000E-02   1.085327453848832E+02
4.821800000000000E-02   1.239834129665417E+02
5.417000000000000E-02   9.287802555122221E+01
6.085800000000000E-02   9.378717382256534E+01
6.837000000000000E-02   8.324811970366247E+01
7.681100000000000E-02   7.763066391970261E+01
8.629299999999999E-02   6.862600339224149E+01
9.694600000000000E-02   6.602832637342726E+01
1.089100000000000E-01   5.494737409956711E+01
1.223600000000000E-01   4.656983621380927E+01
1.374600000000000E-01   4.152682860737714E+01
1.544300000000000E-01   3.298243910088708E+01
1.735000000000000E-01   3.017056001537912E+01
1.949200000000000E-01   2.315382895696749E+01
2.189800000000000E-01   2.168608752259163E+01
2.460100000000000E-01   1.615713493441331E+01
2.763800000000000E-01   1.254470384755870E+01
3.105000000000000E-01   1.053373757367420E+01
3.488300000000000E-01   8.093991536620175E+00
3.919000000000000E-01   5.863584638372192E+00
4.402700000000000E-01   4.721488583435642E+00
4.946300000000000E-01   3.046058515627760E+00
5.556900000000000E-01   2.630095243026135E+00
6.242900000000000E-01   1.896069007231312E+00
7.013500000000000E-01   1.543505915853806E+00
7.879400000000000E-01   1.039069251546648E+00
8.852100000000001E-01   8.158018508094197E-01
9.944800000000000E-01   6.945118630657334E-01
1.117300000000000E+00   4.249941430624394E-01
1.255200000000000E+00   3.422834700999692E-01
1.410100000000000E+00   2.416307901159458E-01
1.584200000000000E+00   1.676363171154512E-01
1.779800000000000E+00   1.294632845701283E-01
1.999500000000000E+00   8.565735987234281E-02
2.246300000000000E+00   6.920113722376550E-02
2.523600000000000E+00   4.797374750647908E-02
2.835200000000000E+00   3.807143228987032E-02
