1.061724672000000E-02   1.391662673605905E+00
1.192793886300000E-02   1.709332536156719E+00
1.340043509100000E-02   2.090574447805301E+00
1.505471001300000E-02   2.543818901203145E+00
1.691320408800000E-02   3.076264878561183E+00
1.900112803800000E-02   5.939335198507797E+00
2.134680483000000E-02   7.294610784722130E+01
2.398205388300000E-02   7.440338918009517E+01
2.694262270400000E-02   7.565816267444023E+01
3.026867180300000E-02   7.629907997654730E+01
3.400531948100000E-02   8.057470975299374E+01
3.820325386400000E-02   8.349173404607788E+01
4.291942049300000E-02   8.477944595616268E+01
4.821779479900000E-02   7.854804838381446E+01
5.417024993700000E-02   7.098990280679563E+01
6.085753175700000E-02   6.407565349006991E+01
6.837035413100000E-02   5.973081978276792E+01
7.681062949900000E-02   5.243250913882471E+01
8.629285132400000E-02   4.957013455477603E+01
9.694564721399999E-02   4.553962864516933E+01
1.089135237700000E-01   4.064283671968084E+01
1.223588268300000E-01   3.416892131333674E+01
1.374639437400000E-01   2.954604155025082E+01
1.544337774200000E-01   2.509283474524324E+01
1.734985259400000E-01   2.167259990577173E+01
1.949168051500000E-01   1.889224006438432E+01
2.189791568900000E-01   1.613134235761261E+01
2.460119901600000E-01   1.256661889522806E+01
2.763820089700000E-01   9.983003730800156E+00
3.105011866700000E-01   7.981755918259153E+00
3.488323544900000E-01   6.438724864031848E+00
3.918954798200000E-01   4.938741131338547E+00
4.402747197300000E-01   3.912745743306826E+00
4.946263450700000E-01   2.896945342506524E+00
5.556876428999999E-01   2.250275141588595E+00
6.242869179000000E-01   1.808795357028638E+00
7.013547283900000E-01   1.398903669715315E+00
7.879365095400001E-01   9.229725925218846E-01
8.852067547700000E-01   6.721711518040210E-01
9.944849479700000E-01   5.091591469715866E-01
1.117253462400000E+00   4.059599287290785E-01
1.255177669500000E+00   3.290776643927942E-01
1.410128529400000E+00   2.474487190778688E-01
1.584207971300000E+00   1.697801544443882E-01
1.779777406200000E+00   1.163212070673398E-01
1.999489759500000E+00   8.452545103455440E-02
2.246325458700000E+00   6.278257383738992E-02
2.523632863000000E+00   4.509038326337963E-02
2.835173684500000E+00   2.715630095601293E-02
