1.061700000000000E-02   1.672808683151064E+00
1.192800000000000E-02   2.054758274413703E+00
1.340000000000000E-02   2.512880428953787E+00
1.505500000000000E-02   3.057949927313736E+00
1.691300000000000E-02   3.697818704600896E+00
1.900100000000000E-02   7.165824917758159E+00
2.134700000000000E-02   7.066729835666392E+01
2.398200000000000E-02   6.663654513988924E+01
2.694300000000000E-02   6.595238656807241E+01
3.026900000000000E-02   6.502024576713201E+01
3.400500000000000E-02   6.433067022608843E+01
3.820300000000000E-02   6.580314885666999E+01
4.291900000000000E-02   6.773933254824216E+01
4.821800000000000E-02   6.422816340405055E+01
5.417000000000000E-02   5.249755982672098E+01
6.085800000000000E-02   5.071341886256043E+01
6.837000000000000E-02   4.956753925756161E+01
7.681100000000000E-02   4.762922241422770E+01
8.629299999999999E-02   4.236918728089819E+01
9.694600000000000E-02   3.694147655519851E+01
1.089100000000000E-01   3.098939135019068E+01
1.223600000000000E-01   2.851055301108350E+01
1.374600000000000E-01   2.437169183412341E+01
1.544300000000000E-01   2.096229738559359E+01
1.735000000000000E-01   1.701949073533045E+01
1.949200000000000E-01   1.432970432164662E+01
2.189800000000000E-01   1.217495019105816E+01
2.460100000000000E-01   9.987697224499213E+00
2.763800000000000E-01   8.279268629819590E+00
3.105000000000000E-01   6.662741480088084E+00
3.488300000000000E-01   5.709824641887311E+00
3.919000000000000E-01   4.498221839925675E+00
4.402700000000000E-01   3.475406837210586E+00
4.946300000000000E-01   2.604546334480363E+00
5.556900000000000E-01   2.080769230883795E+00
6.242900000000000E-01   1.611019299142192E+00
7.013500000000000E-01   1.207411192913773E+00
7.879400000000000E-01   9.588539038394071E-01
8.852100000000001E-01   7.243621272314168E-01
9.944800000000000E-01   5.359955952031369E-01
1.117300000000000E+00   3.906579193030942E-01
1.255200000000000E+00   2.814668300618341E-01
1.410100000000000E+00   2.220228773350784E-01
1.584200000000000E+00   1.767832979992148E-01
1.779800000000000E+00   1.329611668958942E-01
1.999500000000000E+00   9.493822982902414E-02
2.246300000000000E+00   6.652378391145647E-02
2.523600000000000E+00   5.456789032695571E-02
2.835200000000000E+00   2.942437803359350E-02
