1.061700000000000E-02   1.391605026317083E+00
1.192800000000000E-02   1.709347859884647E+00
1.340000000000000E-02   2.090458443148890E+00
1.505500000000000E-02   2.543900286947197E+00
1.691300000000000E-02   3.076205394892267E+00
1.900100000000000E-02   6.045868340787603E+00
2.134700000000000E-02   6.149577844292553E+01
2.398200000000000E-02   6.777351710630886E+01
2.694300000000000E-02   6.865903575350896E+01
3.026900000000000E-02   6.838139638484310E+01
3.400500000000000E-02   6.879360869543839E+01
3.820300000000000E-02   7.101345377198213E+01
4.291900000000000E-02   7.061479065752204E+01
4.821800000000000E-02   6.789629261874677E+01
5.417000000000000E-02   6.020652569627381E+01
6.085800000000000E-02   5.553251418714727E+01
6.837000000000000E-02   5.120970649259332E+01
7.681100000000000E-02   4.726407987431276E+01
8.629299999999999E-02   4.533019218065246E+01
9.694600000000000E-02   4.119122662481295E+01
1.089100000000000E-01   3.697374624658548E+01
1.223600000000000E-01   3.170110601735146E+01
1.374600000000000E-01   2.638114238089715E+01
1.544300000000000E-01   2.198542228999781E+01
1.735000000000000E-01   1.941707105804106E+01
1.949200000000000E-01   1.690156389315042E+01
2.189800000000000E-01   1.378280431993039E+01
2.460100000000000E-01   1.091218854731197E+01
2.763800000000000E-01   9.446532204773561E+00
3.105000000000000E-01   7.844491173091089E+00
3.488300000000000E-01   6.226918370945006E+00
3.919000000000000E-01   4.672209498269158E+00
4.402700000000000E-01   3.724132540351906E+00
4.946300000000000E-01   2.750130281459625E+00
5.556900000000000E-01   2.195754768161932E+00
6.242900000000000E-01   1.771267900868941E+00
7.013500000000000E-01   1.397146523730478E+00
7.879400000000000E-01   9.406730376583718E-01
8.852100000000001E-01   7.114581530873183E-01
9.944800000000000E-01   5.432767347023577E-01
1.117300000000000E+00   4.366510089383071E-01
1.255200000000000E+00   3.560141087576202E-01
1.410100000000000E+00   2.706251248705843E-01
1.584200000000000E+00   1.841249918149815E-01
1.779800000000000E+00   1.270544688858830E-01
1.999500000000000E+00   9.372628343284947E-02
2.246300000000000E+00   6.933281690787380E-02
2.523600000000000E+00   4.956953660752638E-02
2.835200000000000E+00   2.999368937910869E-02
