1.061724672000000E-02   1.699409706111171E+00
1.192793886300000E-02   2.087327883408446E+00
1.340043509100000E-02   2.552876192865690E+00
1.505471001300000E-02   3.106349414468722E+00
1.691320408800000E-02   3.756538486190806E+00
1.900112803800000E-02   7.237093810608325E+00
2.134680483000000E-02   8.564526273067716E+01
2.398205388300000E-02   7.414397490029147E+01
2.694262270400000E-02   7.144410339251625E+01
3.026867180300000E-02   7.124316327244763E+01
3.400531948100000E-02   7.314904068384133E+01
3.820325386400000E-02   7.543206077730063E+01
4.291942049300000E-02   7.670893129064892E+01
4.821779479900000E-02   7.068309547143235E+01
5.417024993700000E-02   5.715892593130170E+01
6.085753175700000E-02   5.535770317595900E+01
6.837035413100000E-02   5.463267359092862E+01
7.681062949900000E-02   5.177256065512158E+01
8.629285132400000E-02   4.595524496613981E+01
9.694564721399999E-02   4.089528161271735E+01
1.089135237700000E-01   3.497490925850165E+01
1.223588268300000E-01   3.221595291720251E+01
1.374639437400000E-01   2.780242004385068E+01
1.544337774200000E-01   2.347218755854957E+01
1.734985259400000E-01   1.847710601183248E+01
1.949168051500000E-01   1.560808831409728E+01
2.189791568900000E-01   1.322116857444680E+01
2.460119901600000E-01   1.050868842778092E+01
2.763820089700000E-01   8.567270017402990E+00
3.105011866700000E-01   6.930445663966731E+00
3.488323544900000E-01   5.908863139852597E+00
3.918954798200000E-01   4.733262646355978E+00
4.402747197300000E-01   3.575811489298566E+00
4.946263450700000E-01   2.614589940382833E+00
5.556876428999999E-01   2.125175584875503E+00
6.242869179000000E-01   1.674484559471453E+00
7.013547283900000E-01   1.275552508685085E+00
7.879365095400001E-01   9.438430998085282E-01
8.852067547700000E-01   7.114461157445812E-01
9.944849479700000E-01   4.989805941990142E-01
1.117253462400000E+00   3.618158939063000E-01
1.255177669500000E+00   2.578613568705162E-01
1.410128529400000E+00   2.085631692756815E-01
1.584207971300000E+00   1.680135166746047E-01
1.779777406200000E+00   1.224838252516667E-01
1.999489759500000E+00   8.575265786202588E-02
2.246325458700000E+00   6.022762947928909E-02
2.523632863000000E+00   4.972009800013341E-02
2.835173684500000E+00   2.664125135700180E-02
